date,cases,cases_change,cases_male,cases_female,age_19under,age_20to39,age_40to59,age_60to79,age_80plus,cases_hcp,exposure_n,exposure_travel,exposure_contactconfirmed,exposure_community,exposure_pending,severity_hospitalized,severity_icu,deaths,deaths_19under,deaths_20to39,deaths_40to59,deaths_60to79,deaths_80andover,resolved,ltc_outbreaks,cases_ltc,cases_ltc_residents,cases_ltc_staff,deaths_ltc,deaths_ltc_residents,deaths_ltc_staff,hospital_outbreaks,cases_hospitals,cases_hospital_pts,cases_hospital_staff,deaths_hospital,deaths_hospital_pts,deaths_hospital_staff,date_data,cases_phu_northwestern,cases_phu_thunderbay,cases_phu_algoma,cases_phu_northbayparrysound,cases_phu_porcupine,cases_phu_sudbury,cases_phu_timiskaming,cases_phu_ottawa,cases_phu_easternontario,cases_phu_hastingsprinceedward,cases_phu_kingstonfrontenaclennoxaddington,cases_phu_leedsgrenvillelanark,cases_phu_renfrew,cases_phu_durham,cases_phu_haliburtonkawarthapineridge,cases_phu_peel,cases_phu_peterborough,cases_phu_simcoemuskoka,cases_phu_york,cases_phu_toronto,cases_phu_chathamkent,cases_phu_greybruce,cases_phu_huronperth,cases_phu_lambton,cases_phu_middlesexlondon,cases_phu_southwestern,cases_phu_windsoressex,cases_phu_brant,cases_phu_hamilton,cases_phu_haldimandnorfolk,cases_phu_halton,cases_phu_niagara,cases_phu_waterloo,cases_phu_wellingtondufferinguelph,cases_phu_huron,cases_phu_perth,cases_phu_total,rate_phu_algoma,rate_phu_brant,rate_phu_chathamkent,rate_phu_hamilton,rate_phu_durham,rate_phu_easternontario,rate_phu_greybruce,rate_phu_haldimand,rate_phu_haliburtonkawarthapineridge,rate_phu_halton,rate_phu_hastingsprinceedward,rate_phu_huron,,rate_phu_kingstonfrontenaclennoxaddington,rate_phu_lambton,rate_phu_leedsgrenvillelanark,cases_phu_middlesexlondon,rate_phu_niagara,rate_phu_northbayparrysound,rate_phu_northwestern,rate_phu_ottawa,rate_phu_peel,rate_phu_perth,rate_phu_peterborough,rate_phu_porcupine,rate_phu_sudbury,rate_phu_waterloo,rate_phu_renfrew,rate_phu_simcoemuskoka,rate_phu_southwestern,rate_phu_thunderbay,rate_phu_timiskaming,rate_phu_toronto,rate_phu_wellingtondufferinguelph,rate_phu_windsoressex,rate_phu_york,rate_ontario,travel_cases,travel_us
2020-03-29,1706,,857,837,42,,,,,,1706,448,163,277,818,169,62,16,,,,,,,,,,,,,,,,,,,,,2020-03-29 16:00:00,,,,,,,,,,,,,,,,,,,,,,,,,,,,,,,,,,,,,,,,,,,,,,,,,,,,,,,,,,,,,,,,,,,,,,,,,,,,134
2020-03-30,1966,260,980,974,46,,,,,,1966,505,201,331,929,215,75,27,,,,,,,,,,,,,,,,,,,,,2020-03-30 16:00:00,,,,,,,,,,,,,,,,,,,,,,,,,,,,,,,,,,,,,,,,,,,,,,,,,,,,,,,,,,,,,,,,,,,,,,,,,,,,151
2020-03-31,2392,426,1189,1189,55,724,850,608,152,,2392,567,254,386,1185,270,91,37,,,,,,,12,230,135,92,12,11,0,,,,,,,,2020-03-31 16:00:00,,,,,,,,,,,,,,,,,,,,,,,,,,,,,,,,,,,,,,,,,,,,,,,,,,,,,,,,,,,,,,,,,,,,,,,,,,,,168
2020-04-01,2793,401,1355,1421,68,826,995,716,186,,2793,625,310,463,1395,320,101,53,,,,,,,26,287,163,119,19,18,0,,,,,,,,2020-04-01 16:00:00,,,,,,,,,,,,,,,,,,,,,,,,,,,,,,,,,,,,,,,,,,,,,,,,,,,,,,,,,,,,,,,,,,,,,,,,,,,,184
2020-04-02,3255,462,1579,1657,82,945,1178,821,226,,3255,707,381,548,1619,381,116,67,,,,,,,32,292,167,120,24,23,0,,,,,,,,2020-04-02 16:00:00,4,8,6,4,24,22,3,281,27,16,48,38,7,176,67,402,40,69,365,783,9,15,,60,90,15,101,35,124,45,88,85,125,57,5,11,3255,,,,,,,,,,,,,,,,,,,,,,,,,,,,,,,,,,,,,,,224
2020-04-03,3630,375,1755,1857,93,1025,1319,903,287,,3630,772,452,649,1757,422,128,94,,,,,,,36,526,316,199,54,51,0,,,,,,,,2020-04-03 16:00:00,4,11,7,4,28,25,3,309,34,17,48,47,7,194,70,443,41,71,401,845,10,15,,63,110,16,120,46,137,54,114,110,140,70,5,11,3630,,,,,,,,,,,,,,,,,,,,,,,,,,,,,,,,,,,,,,772,246
2020-04-04,4038,408,1919,2101,99,1111,1430,1002,392,,4038,825,490,767,1956,496,146,119,,,,,,,44,858,511,340,56,54,0,,,,,,,,2020-04-04 16:00:00,4,13,8,4,29,26,3,333,37,20,52,53,7,223,97,479,41,79,423,941,12,19,,75,118,18,142,51,148,65,138,131,148,84,5,12,4038,,,,,,,,,,,,,,,,,,,,,,,,,,,,,,,,,,,,,,825,267
2020-04-05,4347,309,2054,2269,107,1167,1537,1077,455,451,4347,861,567,837,2082,538,157,132,0,0,9,48,75,1624,46,745,456,280,56,54,0,10,89,38,51,4,4,0,2020-04-05 16:00:00,4,13,8,4,29,26,3,362,43,21,52,57,7,235,98,529,42,85,452,1039,12,19,,77,130,18,158,51,163,65,147,136,154,91,5,12,4347,7,32.9,11.3,27.5,33,20.6,11.2,57,51.9,23.7,12.5,8.4,,24.4,58.8,32.9,25.6,28.8,3.1,4.6,34.3,32.9,14.9,28.4,34.8,13.1,26.4,6.4,14.2,8.5,8.7,9.2,33.3,29.2,37.2,36.9,29.2,861,281
2020-04-06,4726,379,2211,2489,120,1263,1663,1168,509,513,4726,905,697,903,2221,575,165,153,0,0,9,52,92,1802,51,850,478,363,67,67,0,15,69,38,31,5,5,0,2020-04-06 16:00:00,6,17,8,5,30,26,5,385,44,21,52,73,9,255,100,614,42,95,462,1103,16,25,22,83,141,20,181,50,173,79,161,154,170,99,,,4726,7,32.2,15,29.2,35.8,21.1,14.7,69.2,52.9,26,12.5,,,24.4,63.4,42.2,27.8,32.6,3.9,6.8,36.5,38.2,,28.4,36,13.1,29.1,8.3,15.8,9.5,11.3,15.3,35.3,31.7,42.6,37.7,31.8,905,291
2020-04-07,5276,550,2433,2810,129,1369,1851,1300,624,580,5276,968,797,1027,2484,656,190,174,0,1,9,60,104,2074,58,827,464,351,78,76,0,14,71,38,33,5,5,0,2020-04-07 16:00:00,6,17,9,5,31,26,5,408,46,24,53,117,10,269,101,677,42,106,513,1276,17,27,22,83,148,23,201,52,180,92,222,177,178,113,,,5276,7.9,33.5,16,30.4,37.8,22,15.9,92,101,222,24,,,24.9,63.4,67.6,29.2,37.5,3.9,6.8,38.7,42.2,,28.4,37.2,13.1,30.5,9.2,17.7,10.9,11.3,15.3,40.9,36.2,47.3,41.9,35.5,968,318
2020-04-08,5759,483,2623,3101,141,1464,1996,1412,740,622,5759,1005,883,1139,2732,720,212,200,0,1,13,65,121,2305,69,857,498,347,88,86,0,15,71,38,33,5,5,0,2020-04-08 16:00:00,6,18,9,6,33,26,7,436,50,24,52,132,10,284,110,754,50,109,553,1432,17,28,25,93,162,26,224,57,192,98,241,183,187,125,,,5759,,,,,,,,,,,,,,,,,,,,,,,,,,,,,,,,,,,,,38.7,1005,338
2020-04-09,6237,478,2827,3373,151,1574,2159,1510,837,694,6237,1063,1012,1265,2897,786,234,222,0,1,15,70,136,2574,73,931,560,366,99,98,0,17,90,50,40,8,8,0,2020-04-09 16:00:00,9,22,9,6,38,28,7,472,52,24,52,146,12,307,110,811,50,120,602,1581,18,31,29,100,170,28,252,61,202,106,258,198,195,131,,,6237,,,,,,,,,,,,,,,,,,,,,,,,,,,,,,,,,,,,,42,1063,359
2020-04-10,6648,411,2997,3609,157,1648,2303,1615,919,744,6648,1093,1097,1395,3063,859,253,253,0,1,15,78,159,2858,79,1003,625,374,109,108,0,20,95,53,41,8,8,0,2020-04-10 16:00:00,9,24,10,7,38,29,7,502,55,25,52,157,12,322,121,875,51,137,652,1704,18,32,29,103,185,28,272,64,213,109,266,207,201,132,,,6648,,,,,,,,,,,,,,,,,,,,,,,,,,,,,,,,,,,,,44.7,1093,369
2020-04-11,7049,401,3156,3851,167,1740,2403,1705,1028,777,7049,1113,1161,1518,3257,905,259,274,0,1,16,84,173,3121,86,1153,719,430,115,114,0,21,95,53,41,8,8,0,2020-04-11 16:00:00,9,24,10,8,40,30,7,536,57,26,53,184,14,332,128,937,51,138,672,1830,19,34,30,110,199,32,286,66,227,121,275,224,208,132,,,7049,,,,,,,,,,,,,,,,,,,,,,,,,,,,,,,,,,,,,47.4,1113,375
2020-04-12,7470,421,3318,4109,175,1817,2521,1797,1154,813,7470,1131,1223,1656,3460,954,274,291,0,1,18,89,183,3357,89,1175,741,430,120,119,0,24,100,56,43,8,8,0,2020-04-12 16:00:00,9,27,10,9,39,34,7,561,58,26,53,201,14,350,129,989,52,148,688,2000,25,36,31,115,223,33,290,68,238,128,291,238,217,133,,,7470,,,,,,,,,,,,,,,,,,,,,,,,,,,,,,,,,,,,,50.3,1131,380
2020-04-13,7953,483,3511,4393,182,1912,2676,1890,1287,857,7953,1151,1306,1883,3613,995,285,334,0,1,20,103,210,3568,93,1254,813,437,136,135,0,27,113,62,50,8,8,0,2020-04-13 16:00:00,10,32,10,10,39,37,7,592,61,26,54,206,14,386,129,1045,53,153,751,2148,25,37,31,117,241,34,306,68,246,129,330,251,221,154,,,7953,,,,,,,,,,,,,,,,,,,,,,,,,,,,,,,,,,,,,53.5,1151,383
2020-04-14,8447,494,3679,4720,192,1997,2794,1989,1470,896,8447,1168,1438,2089,3752,1072,303,385,0,1,22,115,247,3902,98,1291,834,453,145,144,0,28,139,82,56,9,9,0,2020-04-14 16:00:00,10,32,10,12,39,38,10,618,61,26,54,225,14,447,130,1122,53,156,791,2283,25,38,33,117,248,35,342,71,263,144,338,275,225,162,,,8447,,,,,,,,,,,,,,,,,,,,,,,,,,,,,,,,,,,,,56.8,1168,388
2020-04-15,8961,514,3855,5046,204,2091,2929,2093,1639,980,8961,1188,1541,2270,3962,1137,313,423,0,1,26,130,266,4194,104,1467,933,530,163,162,0,29,146,87,58,9,9,0,2020-04-15 16:00:00,10,34,10,12,42,39,10,650,64,28,54,248,14,463,131,1195,53,169,842,2414,25,40,33,126,250,37,398,71,292,145,347,314,234,167,,,8961,,,,,,,,,,,,,,,,,,,,,,,,,,,,,,,,,,,,,60.3,1188,393
2020-04-16,9525,564,4074,5380,210,2164,3067,2214,1864,1068,9525,1201,1677,2524,4123,1190,327,478,0,1,29,141,307,4556,106,1854,1229,621,217,216,0,30,194,117,76,10,10,0,2020-04-16 16:00:00,10,36,11,12,46,41,10,702,65,28,54,253,14,506,129,1261,52,180,875,2656,25,42,34,126,273,38,415,72,301,150,355,343,237,173,,,9525,,,,,,,,,,,,,,,,,,,,,,,,,,,,,,,,,,,,,64.1,1201,404
2020-04-17,10010,485,4277,5658,223,2269,3201,2313,1996,1139,10010,1222,1789,2816,4183,1237,338,514,0,1,30,149,334,4875,108,1963,1322,637,234,233,1,31,193,115,77,10,10,0,2020-04-17 16:00:00,12,42,12,12,48,41,10,731,67,30,54,253,14,537,129,1328,55,177,930,2861,29,43,34,129,284,40,424,75,309,155,366,355,246,178,,,10010,,,,,,,,,,,,,,,,,,,,,,,,,,,,,,,,,,,,,67.3,,
2020-04-18,10578,568,4495,5996,235,2408,3354,2437,2135,1179,10578,1236,1890,3008,4444,1306,355,553,0,1,31,156,365,5209,112,1913,1272,637,241,249,1,31,215,123,90,11,11,0,2020-04-18 16:00:00,12,47,12,13,48,41,10,775,67,32,54,267,14,571,131,1425,56,185,993,3085,29,57,34,130,301,40,440,76,309,157,376,361,248,182,,,10578,,,,,,,,,,,,,,,,,,,,,,,,,,,,,,,,,,,,,71.2,,
2020-04-19,11184,606,4728,6354,248,2525,3502,2580,2312,1267,11184,1249,1960,3316,4659,1349,361,584,0,1,31,165,387,5515,114,1965,1317,644,250,249,1,33,218,126,90,12,12,0,2020-04-19 16:00:00,12,47,12,13,49,42,11,830,69,34,55,270,14,623,137,1611,56,190,1042,3241,30,61,34,132,312,42,458,78,320,157,384,371,254,193,,,11184,,,,,,,,,,,,,,,,,,,,,,,,,,,,,,,,,,,,,75.2,,
2020-04-20,11735,551,4955,6663,260,2657,3665,2687,2457,1368,11735,1259,2037,3575,4864,1394,368,622,0,1,32,172,417,5806,121,2069,1394,671,274,273,1,34,263,149,112,14,14,0,2020-04-20 16:00:00,13,48,12,14,49,44,12,869,70,34,56,276,14,669,135,1738,58,202,1105,3372,31,61,36,146,341,42,484,81,334,162,385,381,264,197,,,11735,,,,,,,,,,,,,,,,,,,,,,,,,,,,,,,,,,,,,78.9,,
2020-04-21,12245,510,5169,6952,270,2781,3798,2778,2609,1499,12245,1275,2205,3836,4929,1452,382,659,0,1,36,181,441,6221,125,2339,1587,748,296,295,1,35,242,139,101,13,13,0,2020-04-21 16:00:00,13,51,12,14,52,46,12,913,70,35,58,279,14,713,137,1805,59,209,1157,3584,31,63,36,146,349,48,488,82,342,164,393,388,283,199,,,12245,,,,,,,,,,,,,,,,,,,,,,,,,,,,,,,,,,,,,82.4,,
2020-04-22,12879,634,5408,7342,284,2914,3945,2909,2816,1626,12872,1290,2327,4214,5048,1508,391,713,0,2,36,194,481,6680,135,2826,1933,889,359,358,1,37,238,135,101,15,15,0,2020-04-22 16:00:00,15,59,12,14,53,47,12,947,72,37,58,287,14,759,137,1888,59,220,1206,3821,37,64,37,156,352,51,504,81,351,167,404,404,335,219,,,12879,,,,,,,,,,,,,,,,,,,,,,,,,,,,,,,,,,,,,86.6,,
2020-04-23,13519,640,5640,7737,292,3052,4108,3029,3029,1732,13519,1298,2464,4656,5101,1559,397,763,0,3,36,209,515,7087,143,3085,2166,915,464,463,1,41,259,149,107,16,16,0,2020-04-23 16:00:00,15,59,12,14,54,48,12,1005,75,38,58,289,14,783,139,1966,61,229,1245,3989,40,66,39,159,364,52,515,87,357,167,413,418,509,228,,,13519,,,,,,,,,,,,,,,,,,,,,,,,,,,,,,,,,,,,,90.9,,
2020-04-24,13995,476,5827,8030,309,3179,4276,3108,3114,1817,13995,1308,2621,4891,5175,1617,414,811,0,3,39,221,548,7509,162,3205,2236,965,471,470,1,50,282,157,122,17,17,0,2020-04-24 16:00:00,15,63,12,14,55,50,12,1033,79,39,58,291,14,806,141,2039,62,240,1289,4175,41,68,38,162,370,51,528,92,377,170,413,431,530,237,,,13995,,,,,,,,,,,,,,,,,,,,,,,,,,,,,,,,,,,,,94.2,,
2020-04-25,14432,437,6005,8290,320,3292,4391,3207,3213,1927,14432,1323,2763,5153,5193,1660,421,835,0,4,39,227,565,8000,167,3202,2185,1013,455,454,1,52,297,156,138,19,19,0,2020-04-25 16:00:00,15,64,13,14,56,50,12,1083,80,39,58,295,14,840,147,2106,67,244,1345,4295,42,69,40,164,374,55,540,93,384,169,421,446,554,244,,,14432,,,,,,,,,,,,,,,,,,,,,,,,,,,,,,,,,,,,,97.1,,
2020-04-26,14856,424,6168,8548,326,3398,4504,3318,3318,2016,14856,1343,2868,5400,5245,1701,429,892,0,5,39,241,607,8525,170,3451,2346,1101,498,497,1,54,308,165,140,19,19,0,2020-04-26 16:00:00,16,65,13,14,57,50,12,1127,82,39,58,296,15,873,156,2163,79,251,1379,4430,46,72,41,168,379,56,544,95,397,170,426,457,576,254,,,14856,,,,,,,,,,,,,,,,,,,,,,,,,,,,,,,,,,,,,99.9,,
2020-04-27,15381,525,6392,8848,346,3521,4644,3420,3443,2144,15381,1353,3028,5610,5390,1736,437,951,0,6,42,256,647,8964,176,3277,2240,1033,477,476,1,55,364,180,181,20,20,0,2020-04-27 16:00:00,15,70,13,14,57,52,12,1206,91,40,58,304,15,905,160,2211,84,254,1401,4619,66,74,44,174,382,56,561,98,404,176,433,462,608,262,,,15381,,,,,,,,,,,,,,,,,,,,,,,,,,,,,,,,,,,,,103.5,,
